0.001 - 64 - 64 - rrelu - GCNConv - 2 - 0.2 - 0.2 - 0.1 - 0.4 - 0.5 - 132 - 0.0001 - degree - 4 - 111:
  acc: 0.76500004529953
  loss: 7.540571689605713
0.001 - 64 - 64 - rrelu - GCNConv - 2 - 0.2 - 0.2 - 0.1 - 0.4 - 0.5 - 182 - 0.0001 - degree - 4 - 222:
  acc: 0.7570000290870667
  loss: 7.62007999420166
