0.01 - 128 - 64 - rrelu - GCNConv - 2 - 0.4 - 0.1 - 0.1 - 0.4 - 0.5 - 15 - 1e-05 - degree - 4:
  acc: 0.6040000319480896
  loss: 8.726995468139648
